left , right , down ,  up
[[0.         0.         0.         0.        ]
 [0.         0.692534   0.63823933 0.66483264]
 [0.66483264 0.66483264 0.61270976 0.63823933]
 [0.63823933 0.63823933 0.58820137 0.61270976]
 [0.61270976 0.61270976 0.         0.58820137]
 [0.         0.         0.         0.        ]
 [0.         0.56467331 0.52040292 0.54208638]
 [0.54208638 0.54208638 0.52040292 0.52040292]
 [0.72138958 0.75144748 0.692534   0.        ]
 [0.72138958 0.72138958 0.66483264 0.66483264]
 [0.692534   0.692534   0.63823933 0.63823933]
 [0.66483264 0.         0.61270976 0.61270976]
 [0.63823933 0.63823933 0.58820137 0.58820137]
 [0.61270976 0.61270976 0.56467331 0.        ]
 [0.58820137 0.58820137 0.54208638 0.54208638]
 [0.56467331 0.56467331 0.54208638 0.52040292]
 [0.75144748 0.78275779 0.72138958 0.72138958]
 [0.75144748 0.75144748 0.692534   0.692534  ]
 [0.72138958 0.72138958 0.         0.66483264]
 [0.         0.         0.         0.        ]
 [0.         0.66483264 0.61270976 0.61270976]
 [0.63823933 0.         0.58820137 0.58820137]
 [0.61270976 0.56467331 0.56467331 0.56467331]
 [0.58820137 0.54208638 0.56467331 0.54208638]
 [0.78275779 0.8153727  0.75144748 0.75144748]
 [0.78275779 0.78275779 0.72138958 0.72138958]
 [0.75144748 0.75144748 0.692534   0.692534  ]
 [0.72138958 0.         0.66483264 0.        ]
 [0.692534   0.63823933 0.         0.63823933]
 [0.         0.         0.         0.        ]
 [0.         0.58820137 0.54208638 0.58820137]
 [0.56467331 0.56467331 0.54208638 0.56467331]
 [0.8153727  0.84934656 0.78275779 0.78275779]
 [0.8153727  0.         0.75144748 0.75144748]
 [0.78275779 0.         0.         0.72138958]
 [0.         0.         0.         0.        ]
 [0.         0.61270976 0.61270976 0.66483264]
 [0.63823933 0.58820137 0.58820137 0.        ]
 [0.61270976 0.         0.56467331 0.56467331]
 [0.58820137 0.54208638 0.56467331 0.54208638]
 [0.84934656 0.884736   0.         0.8153727 ]
 [0.         0.         0.         0.        ]
 [0.         0.         0.         0.        ]
 [0.         0.56384946 0.61270976 0.        ]
 [0.58820137 0.         0.58820137 0.63823933]
 [0.61270976 0.56467331 0.         0.61270976]
 [0.         0.         0.         0.        ]
 [0.         0.52040292 0.54208638 0.56467331]
 [0.884736   0.9216     0.         0.84934656]
 [0.         0.         0.         0.        ]
 [0.         0.         0.44039095 0.        ]
 [0.34244801 0.         0.         0.5874124 ]
 [0.         0.         0.         0.        ]
 [0.         0.54208638 0.         0.58820137]
 [0.         0.         0.         0.        ]
 [0.         0.         0.52040292 0.54208638]
 [0.9216     0.9216     0.96       0.884736  ]
 [0.9216     0.96       1.         0.        ]
 [0.         0.         0.         0.        ]
 [0.         0.         0.         0.        ]
 [0.         0.4683652  0.5407573  0.        ]
 [0.51165512 0.54208132 0.51997968 0.56467331]
 [0.54166335 0.51997075 0.         0.        ]
 [0.         0.         0.         0.        ]]