left , right , down ,  up
[[0.         0.         0.         0.        ]
 [0.         0.63823808 0.63823861 0.61270856]
 [0.61270897 0.66483203 0.66483223 0.63823878]
 [0.6382388  0.69253364 0.69253369 0.66483233]
 [0.66483233 0.7213893  0.         0.69253371]
 [0.         0.         0.         0.        ]
 [0.         0.66483247 0.6127096  0.63823917]
 [0.63823917 0.63823917 0.61270958 0.61270959]
 [0.61270851 0.63823808 0.63823843 0.        ]
 [0.61270883 0.66483133 0.66483178 0.61270856]
 [0.6382385  0.69253264 0.69253336 0.63823851]
 [0.66483203 0.         0.7213893  0.66483225]
 [0.69253372 0.75144729 0.69253376 0.69253373]
 [0.72138938 0.7213894  0.66483244 0.        ]
 [0.69253381 0.69253382 0.63823916 0.63823917]
 [0.66483247 0.66483247 0.63823916 0.61270958]
 [0.63823808 0.66483133 0.66483133 0.61270856]
 [0.63823808 0.69253264 0.69253264 0.63823808]
 [0.66483133 0.72138867 0.         0.6648319 ]
 [0.         0.         0.         0.        ]
 [0.         0.7827576  0.7213894  0.72138938]
 [0.75144729 0.         0.69253382 0.69253382]
 [0.7213894  0.72138929 0.66483246 0.66483245]
 [0.69253382 0.69253375 0.66483238 0.63823917]
 [0.66483126 0.63823775 0.69253264 0.63823723]
 [0.66483133 0.66483132 0.72138817 0.66483133]
 [0.69253264 0.69253263 0.75144665 0.69253264]
 [0.72138867 0.         0.78275751 0.        ]
 [0.7514468  0.81537251 0.         0.75144714]
 [0.         0.         0.         0.        ]
 [0.         0.75144722 0.69253372 0.69253377]
 [0.72138931 0.72138932 0.69253371 0.66483238]
 [0.63823697 0.6117846  0.6648313  0.66483122]
 [0.63823805 0.         0.69253263 0.69253244]
 [0.66483131 0.         0.         0.72138815]
 [0.         0.         0.         0.        ]
 [0.         0.84934637 0.7827574  0.78275747]
 [0.81537246 0.81537206 0.75144721 0.        ]
 [0.78275753 0.         0.72138923 0.72138916]
 [0.75144721 0.69253375 0.72138932 0.69253375]
 [0.60813088 0.56490352 0.         0.63807978]
 [0.         0.         0.         0.        ]
 [0.         0.         0.         0.        ]
 [0.         0.92159984 0.84934563 0.        ]
 [0.88473583 0.         0.81537235 0.8153724 ]
 [0.84934634 0.78275625 0.         0.78275709]
 [0.         0.         0.         0.        ]
 [0.         0.66483208 0.69253368 0.72138932]
 [0.         0.         0.         0.60984436]
 [0.         0.         0.         0.        ]
 [0.         0.99999994 0.92039711 0.        ]
 [0.95999994 0.         0.         0.88473422]
 [0.         0.         0.         0.        ]
 [0.         0.75144558 0.         0.8153711 ]
 [0.         0.         0.         0.        ]
 [0.         0.         0.66483207 0.69253343]
 [0.         0.         0.         0.44265261]
 [0.         0.         0.81       0.        ]
 [0.         0.         0.         0.        ]
 [0.         0.         0.         0.        ]
 [0.         0.5834423  0.7503116  0.        ]
 [0.71993181 0.75144065 0.72091647 0.78275614]
 [0.75125724 0.71639285 0.         0.        ]
 [0.         0.         0.         0.        ]]