left , right , down ,  up
[[0.58820137 0.61270976 0.61270976 0.58820137]
 [0.58820137 0.63823933 0.63823933 0.61270976]
 [0.61270976 0.66483264 0.66483264 0.63823933]
 [0.63823933 0.692534   0.692534   0.66483264]
 [0.66483264 0.72138958 0.         0.692534  ]
 [0.         0.         0.         0.        ]
 [0.         0.72138958 0.66483264 0.692534  ]
 [0.692534   0.692534   0.66483264 0.66483264]
 [0.61270976 0.63823933 0.63823933 0.58820137]
 [0.61270976 0.66483264 0.66483264 0.61270976]
 [0.63823933 0.692534   0.692534   0.63823933]
 [0.66483264 0.         0.72138958 0.66483264]
 [0.692534   0.75144748 0.692534   0.692534  ]
 [0.72138958 0.72138958 0.72138958 0.        ]
 [0.692534   0.75144748 0.692534   0.692534  ]
 [0.72138958 0.72138958 0.692534   0.66483264]
 [0.63823933 0.66483264 0.66483264 0.61270976]
 [0.63823933 0.692534   0.692534   0.63823933]
 [0.66483264 0.72138958 0.         0.66483264]
 [0.         0.         0.         0.        ]
 [0.         0.78275779 0.72138958 0.72138958]
 [0.75144748 0.         0.75144748 0.692534  ]
 [0.72138958 0.78275779 0.72138958 0.72138958]
 [0.75144748 0.75144748 0.72138958 0.692534  ]
 [0.66483264 0.63823933 0.692534   0.63823933]
 [0.66483264 0.66483264 0.72138958 0.66483264]
 [0.692534   0.692534   0.75144748 0.692534  ]
 [0.72138958 0.         0.78275779 0.        ]
 [0.75144748 0.8153727  0.         0.75144748]
 [0.         0.         0.         0.        ]
 [0.         0.8153727  0.75144748 0.75144748]
 [0.78275779 0.78275779 0.75144748 0.72138958]
 [0.63823933 0.61270976 0.66483264 0.66483264]
 [0.63823933 0.         0.692534   0.692534  ]
 [0.66483264 0.         0.         0.72138958]
 [0.         0.         0.         0.        ]
 [0.         0.84934656 0.84934656 0.78275779]
 [0.8153727  0.884736   0.8153727  0.        ]
 [0.84934656 0.         0.78275779 0.78275779]
 [0.8153727  0.75144748 0.78275779 0.75144748]
 [0.61270976 0.63823933 0.         0.63823933]
 [0.         0.         0.         0.        ]
 [0.         0.         0.         0.        ]
 [0.         0.78275779 0.84934656 0.        ]
 [0.8153727  0.         0.884736   0.8153727 ]
 [0.84934656 0.9216     0.         0.84934656]
 [0.         0.         0.         0.        ]
 [0.         0.72138958 0.75144748 0.78275779]
 [0.63823933 0.66483264 0.         0.61270976]
 [0.         0.         0.         0.        ]
 [0.         0.72138958 0.78275779 0.        ]
 [0.75144748 0.         0.         0.8153727 ]
 [0.         0.         0.         0.        ]
 [0.         0.96       0.         0.884736  ]
 [0.         0.         0.         0.        ]
 [0.         0.         0.7213512  0.75144748]
 [0.66483264 0.66483264 0.692534   0.63823933]
 [0.66483264 0.692534   0.72138958 0.        ]
 [0.692534   0.72138958 0.         0.75144748]
 [0.         0.         0.         0.        ]
 [0.         0.         0.         0.        ]
 [1.         0.96       0.92154719 0.9216    ]
 [0.95994656 0.92128415 0.         0.        ]
 [0.         0.         0.         0.        ]]