left , right , down ,  up
[[0.         0.         0.         0.        ]
 [0.         0.61270976 0.61270976 0.58820137]
 [0.58820137 0.63823933 0.63823933 0.61270976]
 [0.61270976 0.66483264 0.66483264 0.63823933]
 [0.63823933 0.692534   0.         0.66483264]
 [0.         0.         0.         0.        ]
 [0.         0.75144748 0.75144748 0.72138958]
 [0.72138958 0.78275779 0.75144748 0.75144748]
 [0.58820137 0.61270976 0.61270976 0.        ]
 [0.58820137 0.63823933 0.63823933 0.58820137]
 [0.61270976 0.66483264 0.66483264 0.61270976]
 [0.63823933 0.         0.692534   0.63823933]
 [0.66483264 0.72138958 0.72138958 0.66483264]
 [0.692534   0.75144748 0.75144748 0.        ]
 [0.72138958 0.78275779 0.78275779 0.72138958]
 [0.75144748 0.8153727  0.78275779 0.75144748]
 [0.61270976 0.63823933 0.63823933 0.58820137]
 [0.61270976 0.66483264 0.66483264 0.61270976]
 [0.63823933 0.692534   0.         0.63823933]
 [0.         0.         0.         0.        ]
 [0.         0.75144748 0.75144748 0.692534  ]
 [0.72138958 0.         0.78275779 0.72138958]
 [0.75144748 0.8153727  0.8153727  0.75144748]
 [0.78275779 0.84934656 0.8153727  0.78275779]
 [0.63823933 0.61270976 0.66483264 0.61270976]
 [0.63823933 0.63823933 0.692534   0.63823933]
 [0.66483264 0.66483264 0.72138958 0.66483264]
 [0.692534   0.         0.75144748 0.        ]
 [0.72138958 0.78275779 0.         0.72138958]
 [0.         0.         0.         0.        ]
 [0.         0.84934656 0.84934656 0.78275779]
 [0.8153727  0.884736   0.84934656 0.8153727 ]
 [0.61270976 0.58820137 0.63823933 0.63823933]
 [0.61270976 0.         0.66483264 0.66483264]
 [0.63823933 0.         0.         0.692534  ]
 [0.         0.         0.         0.        ]
 [0.         0.8153727  0.8153727  0.75144748]
 [0.78275779 0.84934656 0.84934656 0.        ]
 [0.8153727  0.         0.884736   0.8153727 ]
 [0.84934656 0.9216     0.884736   0.84934656]
 [0.58820137 0.56467049 0.         0.61270976]
 [0.         0.         0.         0.        ]
 [0.         0.         0.         0.        ]
 [0.         0.75144748 0.8153727  0.        ]
 [0.78275779 0.         0.84934656 0.78275779]
 [0.8153727  0.884736   0.         0.8153727 ]
 [0.         0.         0.         0.        ]
 [0.         0.96       0.9216     0.884736  ]
 [0.56289643 0.51367435 0.         0.58820015]
 [0.         0.         0.         0.        ]
 [0.         0.         0.75092975 0.        ]
 [0.720787   0.         0.         0.78275779]
 [0.         0.         0.         0.        ]
 [0.         0.9216     0.         0.84934656]
 [0.         0.         0.         0.        ]
 [0.         1.         0.96       0.9216    ]
 [0.         0.39642887 0.         0.56124637]
 [0.         0.         0.         0.        ]
 [0.         0.         0.         0.        ]
 [0.         0.         0.         0.        ]
 [0.         0.884736   0.9216     0.        ]
 [0.884736   0.9216     0.96       0.884736  ]
 [0.9216     0.96       1.         0.        ]
 [0.         0.         0.         0.        ]]