left , right , down ,  up
[[0.         0.         0.         0.        ]
 [0.         0.66483264 0.66483264 0.63823933]
 [0.63823933 0.692534   0.692534   0.66483264]
 [0.66483264 0.72138958 0.72138958 0.692534  ]
 [0.692534   0.75144748 0.         0.72138958]
 [0.         0.         0.         0.        ]
 [0.         0.75144748 0.692534   0.72138958]
 [0.72138958 0.72138958 0.692534   0.692534  ]
 [0.63823933 0.66483264 0.66483264 0.        ]
 [0.63823933 0.692534   0.692534   0.63823933]
 [0.66483264 0.72138958 0.72138958 0.66483264]
 [0.692534   0.         0.75144748 0.692534  ]
 [0.72138958 0.78275779 0.72138958 0.72138958]
 [0.75144748 0.75144748 0.75144748 0.        ]
 [0.72138958 0.78275779 0.72138958 0.72138958]
 [0.75144748 0.75144748 0.72138958 0.692534  ]
 [0.66483264 0.692534   0.692534   0.63823933]
 [0.66483264 0.72138958 0.72138958 0.66483264]
 [0.692534   0.75144748 0.         0.692534  ]
 [0.         0.         0.         0.        ]
 [0.         0.8153727  0.75144748 0.75144748]
 [0.78275779 0.         0.78275779 0.72138958]
 [0.75144748 0.8153727  0.75144748 0.75144748]
 [0.78275779 0.78275779 0.75144748 0.72138958]
 [0.692534   0.66483264 0.72138958 0.66483264]
 [0.692534   0.692534   0.75144748 0.692534  ]
 [0.72138958 0.72138958 0.78275779 0.72138958]
 [0.75144748 0.         0.8153727  0.        ]
 [0.78275779 0.84934656 0.         0.78275779]
 [0.         0.         0.         0.        ]
 [0.         0.84934656 0.78275779 0.78275779]
 [0.8153727  0.8153727  0.78275779 0.75144748]
 [0.66483264 0.63823933 0.692534   0.692534  ]
 [0.66483264 0.         0.72138958 0.72138958]
 [0.692534   0.         0.         0.75144748]
 [0.         0.         0.         0.        ]
 [0.         0.884736   0.884736   0.8153727 ]
 [0.84934656 0.9216     0.84934656 0.        ]
 [0.884736   0.         0.8153727  0.8153727 ]
 [0.84934656 0.78275761 0.8153727  0.78275779]
 [0.63823933 0.61270976 0.         0.66483264]
 [0.         0.         0.         0.        ]
 [0.         0.         0.         0.        ]
 [0.         0.80564236 0.884736   0.        ]
 [0.84934656 0.         0.9216     0.84934656]
 [0.884736   0.96       0.         0.884736  ]
 [0.         0.         0.         0.        ]
 [0.         0.         0.77718573 0.81537269]
 [0.61270976 0.58820137 0.         0.63823933]
 [0.         0.         0.         0.        ]
 [0.         0.         0.         0.        ]
 [0.         0.         0.         0.84057068]
 [0.         0.         0.         0.        ]
 [0.         1.         0.         0.92159613]
 [0.         0.         0.         0.        ]
 [0.         0.         0.         0.        ]
 [0.58820137 0.58820137 0.56467331 0.61270976]
 [0.58820137 0.56467296 0.49389292 0.        ]
 [0.55946104 0.38891183 0.         0.        ]
 [0.         0.         0.         0.        ]
 [0.         0.         0.         0.        ]
 [0.         0.         0.         0.        ]
 [0.         0.         0.         0.        ]
 [0.         0.         0.         0.        ]]