left , right , down ,  up
[[0.         0.         0.         0.        ]
 [0.         0.75144748 0.692534   0.72138958]
 [0.72138958 0.72138958 0.66483264 0.692534  ]
 [0.692534   0.692534   0.63823933 0.66483264]
 [0.66483264 0.66483264 0.         0.63823933]
 [0.         0.         0.         0.        ]
 [0.         0.61270976 0.56467331 0.58820137]
 [0.58820137 0.58820137 0.56467331 0.56467331]
 [0.78275779 0.8153727  0.75144748 0.        ]
 [0.78275779 0.78275779 0.72138958 0.72138958]
 [0.75144748 0.75144748 0.692534   0.692534  ]
 [0.72138958 0.         0.66483264 0.66483264]
 [0.692534   0.692534   0.63823933 0.63823933]
 [0.66483264 0.66483264 0.61270976 0.        ]
 [0.63823933 0.63823933 0.58820137 0.58820137]
 [0.61270976 0.61270976 0.58820137 0.56467331]
 [0.8153727  0.84934656 0.78275779 0.78275779]
 [0.8153727  0.8153727  0.75144748 0.75144748]
 [0.78275779 0.78275779 0.         0.72138958]
 [0.         0.         0.         0.        ]
 [0.         0.72138958 0.66483264 0.66483264]
 [0.692534   0.         0.63823933 0.63823933]
 [0.66483264 0.61270976 0.61270976 0.61270976]
 [0.63823933 0.58820137 0.61270976 0.58820137]
 [0.84934656 0.884736   0.8153727  0.8153727 ]
 [0.84934656 0.84934656 0.78275779 0.78275779]
 [0.8153727  0.8153727  0.75144748 0.75144748]
 [0.78275779 0.         0.72138958 0.        ]
 [0.75144748 0.692534   0.         0.692534  ]
 [0.         0.         0.         0.        ]
 [0.         0.63823933 0.58820137 0.63823933]
 [0.61270976 0.61270976 0.58820137 0.61270976]
 [0.884736   0.9216     0.84934656 0.84934656]
 [0.884736   0.         0.8153727  0.8153727 ]
 [0.84934656 0.         0.         0.78275779]
 [0.         0.         0.         0.        ]
 [0.         0.66483264 0.66483264 0.72138958]
 [0.692534   0.63823933 0.63823933 0.        ]
 [0.66483264 0.         0.61270976 0.61270976]
 [0.63823933 0.58820137 0.61270976 0.58820137]
 [0.9216     0.96       0.         0.884736  ]
 [0.         0.         0.         0.        ]
 [0.         0.         0.         0.        ]
 [0.         0.61212719 0.66483264 0.        ]
 [0.63823933 0.         0.63823933 0.692534  ]
 [0.66483264 0.61270976 0.         0.66483264]
 [0.         0.         0.         0.        ]
 [0.         0.52775414 0.58820136 0.61270976]
 [0.96       1.         0.         0.9216    ]
 [0.         0.         0.         0.        ]
 [0.         0.         0.32302336 0.        ]
 [0.         0.         0.         0.63793938]
 [0.         0.         0.         0.        ]
 [0.         0.58819691 0.         0.63823933]
 [0.         0.         0.         0.        ]
 [0.         0.         0.45424431 0.56696653]
 [0.         0.         0.         0.        ]
 [0.         0.         0.         0.        ]
 [0.         0.         0.         0.        ]
 [0.         0.         0.         0.        ]
 [0.         0.         0.         0.        ]
 [0.         0.47641477 0.35098856 0.61270836]
 [0.37930603 0.29494837 0.         0.        ]
 [0.         0.         0.         0.        ]]