left , right , down ,  up
[[ 0.58820137  0.61270976  0.61270976  0.58820137]
 [ 0.58820137  0.63823933  0.63823933  0.61270976]
 [ 0.61270976  0.66483264  0.66483264  0.63823933]
 [ 0.63823933  0.692534    0.692534    0.66483264]
 [ 0.66483264  0.72138958 -0.01        0.692534  ]
 [ 0.          0.          0.          0.        ]
 [-0.01        0.72138958  0.66483264  0.692534  ]
 [ 0.692534    0.692534    0.66483264  0.66483264]
 [ 0.61270976  0.63823933  0.63823933  0.58820137]
 [ 0.61270976  0.66483264  0.66483264  0.61270976]
 [ 0.63823933  0.692534    0.692534    0.63823933]
 [ 0.66483264 -0.01        0.72138958  0.66483264]
 [ 0.692534    0.75144748  0.692534    0.692534  ]
 [ 0.72138958  0.72138958  0.72138958 -0.01      ]
 [ 0.692534    0.75144748  0.692534    0.692534  ]
 [ 0.72138958  0.72138958  0.692534    0.66483264]
 [ 0.63823933  0.66483264  0.66483264  0.61270976]
 [ 0.63823933  0.692534    0.692534    0.63823933]
 [ 0.66483264  0.72138958 -0.01        0.66483264]
 [ 0.          0.          0.          0.        ]
 [-0.01        0.78275779  0.72138958  0.72138958]
 [ 0.75144748 -0.01        0.75144748  0.692534  ]
 [ 0.72138958  0.78275779  0.72138958  0.72138958]
 [ 0.75144748  0.75144748  0.72138958  0.692534  ]
 [ 0.66483264  0.63823933  0.692534    0.63823933]
 [ 0.66483264  0.66483264  0.72138958  0.66483264]
 [ 0.692534    0.692534    0.75144748  0.692534  ]
 [ 0.72138958 -0.01        0.78275779 -0.01      ]
 [ 0.75144748  0.8153727  -0.01        0.75144748]
 [ 0.          0.          0.          0.        ]
 [-0.01        0.8153727   0.75144748  0.75144748]
 [ 0.78275779  0.78275779  0.75144748  0.72138958]
 [ 0.63823933  0.61270976  0.66483264  0.66483264]
 [ 0.63823933 -0.01        0.692534    0.692534  ]
 [ 0.66483264 -0.01       -0.01        0.72138958]
 [ 0.          0.          0.          0.        ]
 [-0.01        0.84934656  0.84934656  0.78275779]
 [ 0.8153727   0.884736    0.8153727  -0.01      ]
 [ 0.84934656 -0.01        0.78275779  0.78275779]
 [ 0.8153727   0.75144748  0.78275779  0.75144748]
 [ 0.61270976  0.63823933 -0.01        0.63823933]
 [ 0.          0.          0.          0.        ]
 [ 0.          0.          0.          0.        ]
 [-0.01        0.78275779  0.84934656 -0.01      ]
 [ 0.8153727  -0.01        0.884736    0.8153727 ]
 [ 0.84934656  0.9216     -0.01        0.84934656]
 [ 0.          0.          0.          0.        ]
 [-0.01        0.72138958  0.75144748  0.78275779]
 [ 0.63823933  0.66483264 -0.01        0.61270976]
 [ 0.          0.          0.          0.        ]
 [-0.01        0.72138958  0.78275779 -0.01      ]
 [ 0.75144748 -0.01       -0.01        0.8153727 ]
 [ 0.          0.          0.          0.        ]
 [-0.01        0.96       -0.01        0.884736  ]
 [ 0.          0.          0.          0.        ]
 [-0.01       -0.01        0.72138953  0.75144748]
 [ 0.66483264  0.66483264  0.692534    0.63823933]
 [ 0.66483264  0.692534    0.72138958 -0.01      ]
 [ 0.692534    0.72138958 -0.01        0.75144748]
 [ 0.          0.          0.          0.        ]
 [ 0.          0.          0.          0.        ]
 [ 1.          0.96        0.9216      0.9216    ]
 [ 0.96        0.92159176 -0.01       -0.01      ]
 [ 0.          0.          0.          0.        ]]