left , right , down ,  up
[[0.         0.         0.         0.        ]
 [0.         0.66483264 0.66483264 0.63823933]
 [0.63823933 0.692534   0.692534   0.66483264]
 [0.66483264 0.72138958 0.72138958 0.692534  ]
 [0.692534   0.75144748 0.692534   0.72138958]
 [0.72138958 0.72138958 0.66483264 0.692534  ]
 [0.692534   0.692534   0.63823933 0.66483264]
 [0.66483264 0.66483264 0.63823933 0.63823933]
 [0.692534   0.72138958 0.66483264 0.        ]
 [0.692534   0.692534   0.692534   0.63823933]
 [0.66483264 0.72138958 0.72138958 0.66483264]
 [0.692534   0.         0.75144748 0.692534  ]
 [0.72138958 0.78275779 0.72138958 0.72138958]
 [0.75144748 0.75144748 0.692534   0.692534  ]
 [0.72138958 0.72138958 0.66483264 0.66483264]
 [0.692534   0.692534   0.66483264 0.63823933]
 [0.72138958 0.75144748 0.692534   0.692534  ]
 [0.72138958 0.72138958 0.72138958 0.66483264]
 [0.692534   0.75144748 0.         0.692534  ]
 [0.         0.         0.         0.        ]
 [0.         0.8153727  0.75144748 0.75144748]
 [0.78275779 0.         0.72138958 0.72138958]
 [0.75144748 0.75144748 0.692534   0.692534  ]
 [0.72138958 0.72138958 0.692534   0.66483264]
 [0.75144748 0.78275779 0.72138958 0.72138958]
 [0.75144748 0.75144748 0.75144748 0.692534  ]
 [0.72138958 0.72138958 0.78275779 0.72138958]
 [0.75144748 0.         0.8153727  0.        ]
 [0.78275779 0.84934656 0.         0.78275779]
 [0.         0.         0.         0.        ]
 [0.         0.78275779 0.72138958 0.72138958]
 [0.75144748 0.75144748 0.72138958 0.692534  ]
 [0.78275779 0.8153727  0.75144748 0.75144748]
 [0.78275779 0.         0.72138958 0.72138958]
 [0.75144748 0.         0.         0.75144748]
 [0.         0.         0.         0.        ]
 [0.         0.884736   0.8153727  0.8153727 ]
 [0.84934656 0.84934656 0.78275779 0.        ]
 [0.8153727  0.         0.75144748 0.75144748]
 [0.78275779 0.72138958 0.75144748 0.72138958]
 [0.8153727  0.84934656 0.         0.78275779]
 [0.         0.         0.         0.        ]
 [0.         0.         0.         0.        ]
 [0.         0.96       0.884736   0.        ]
 [0.9216     0.         0.84934656 0.84934656]
 [0.884736   0.884736   0.         0.8153727 ]
 [0.         0.         0.         0.        ]
 [0.         0.692534   0.72138958 0.75144748]
 [0.84934656 0.884736   0.         0.8153727 ]
 [0.         0.         0.         0.        ]
 [0.         0.96       0.96       0.        ]
 [0.9216     1.         0.         0.9216    ]
 [0.         0.         0.         0.        ]
 [0.         0.9216     0.         0.84934656]
 [0.         0.         0.         0.        ]
 [0.         0.         0.692534   0.72138958]
 [0.884736   0.884736   0.9216     0.84934656]
 [0.884736   0.9216     0.96       0.        ]
 [0.9216     0.96       1.         0.9216    ]
 [0.         0.         0.         0.        ]
 [1.         0.96       0.9216     0.        ]
 [0.96       0.9216     0.88473597 0.884736  ]
 [0.9216     0.88473598 0.         0.        ]
 [0.         0.         0.         0.        ]]