left , right , down ,  up
[[0.         0.         0.         0.        ]
 [0.         0.692534   0.63823933 0.66483264]
 [0.66483264 0.66483264 0.61270976 0.63823933]
 [0.63823933 0.63823933 0.58820137 0.61270976]
 [0.61270976 0.61270976 0.         0.58820137]
 [0.         0.         0.         0.        ]
 [0.         0.56467331 0.52040292 0.54208638]
 [0.54208638 0.54208638 0.52040292 0.52040292]
 [0.72138958 0.75144748 0.692534   0.        ]
 [0.72138958 0.72138958 0.66483264 0.66483264]
 [0.692534   0.692534   0.63823933 0.63823933]
 [0.66483264 0.         0.61270976 0.61270976]
 [0.63823933 0.63823933 0.58820137 0.58820137]
 [0.61270976 0.61270976 0.56467331 0.        ]
 [0.58820137 0.58820137 0.54208638 0.54208638]
 [0.56467331 0.56467331 0.54208638 0.52040292]
 [0.75144748 0.78275779 0.72138958 0.72138958]
 [0.75144748 0.75144748 0.692534   0.692534  ]
 [0.72138958 0.72138958 0.         0.66483264]
 [0.         0.         0.         0.        ]
 [0.         0.66483264 0.61270976 0.61270976]
 [0.63823933 0.         0.58820137 0.58820137]
 [0.61270976 0.56467331 0.56467331 0.56467331]
 [0.58820137 0.54208638 0.56467331 0.54208638]
 [0.78275779 0.8153727  0.75144748 0.75144748]
 [0.78275779 0.78275779 0.72138958 0.72138958]
 [0.75144748 0.75144748 0.692534   0.692534  ]
 [0.72138958 0.         0.66483264 0.        ]
 [0.692534   0.63823933 0.         0.63823933]
 [0.         0.         0.         0.        ]
 [0.         0.58820137 0.54208638 0.58820137]
 [0.56467331 0.56467331 0.54208638 0.56467331]
 [0.8153727  0.84934656 0.78275779 0.78275779]
 [0.8153727  0.         0.75144748 0.75144748]
 [0.78275779 0.         0.         0.72138958]
 [0.         0.         0.         0.        ]
 [0.         0.61270976 0.61270976 0.66483264]
 [0.63823933 0.58820137 0.58820137 0.        ]
 [0.61270976 0.         0.56467331 0.56467331]
 [0.58820137 0.54208638 0.56467331 0.54208638]
 [0.84934656 0.884736   0.         0.8153727 ]
 [0.         0.         0.         0.        ]
 [0.         0.         0.         0.        ]
 [0.         0.56072307 0.61270976 0.        ]
 [0.58820137 0.         0.58820137 0.63823933]
 [0.61270976 0.56467331 0.         0.61270976]
 [0.         0.         0.         0.        ]
 [0.         0.52040292 0.54208638 0.56467331]
 [0.884736   0.9216     0.         0.84934656]
 [0.         0.         0.         0.        ]
 [0.         0.81       0.38961226 0.        ]
 [0.36052536 0.         0.         0.58505501]
 [0.         0.         0.         0.        ]
 [0.         0.54179121 0.         0.58820137]
 [0.         0.         0.         0.        ]
 [0.         0.         0.52040292 0.54208638]
 [0.9216     0.9216     0.96       0.884736  ]
 [0.9216     0.96       1.         0.        ]
 [0.         0.         0.         0.        ]
 [0.         0.         0.         0.        ]
 [0.         0.         0.43808482 0.        ]
 [0.34065476 0.52805944 0.46549751 0.56461998]
 [0.51074857 0.47261813 0.         0.        ]
 [0.         0.         0.         0.        ]]